#ModelWeb Browser Results
#
#nrlmsise model listing
#Required input parameters
#Year= 2021, Month=  1, Day=  1, Hour= 1.50,
#Time_type = Universal
#Coordinate_type = Geographic
#Latitude=   43.72, Longitude=   10.38, Height=   100.00
#Prof. parameters: Start=     0.00 Stop=  1000.00 Step=     1.00
#
#Optional input parameters:
#
#Sunspot number(Rz12) =not specified
#Ionospheric index(IG12) =not specified
#Upper limit for Electron content = not specified
#F peak model =
#Ne Topside =
#foF2 Storm model =
#Bottomside Thickness =
#F1 occurrence probability =
#D-Region Ne =
#Topside Te =
#Ion Composition =
#
#Selected output parameters:
#1  Height, km
#2  Mass_density, g/cm-3
#3  Temperature_neutral, K
#
#1         2         3         
    0.0 1.255E-03  283.6
    1.0 1.125E-03  280.3
    2.0 1.015E-03  274.8
    3.0 9.184E-04  267.9
    4.0 8.312E-04  260.1
    5.0 7.508E-04  252.0
    6.0 6.756E-04  244.1
    7.0 6.046E-04  236.8
    8.0 5.375E-04  230.2
    9.0 4.743E-04  224.5
   10.0 4.152E-04  220.1
   11.0 3.606E-04  216.8
   12.0 3.112E-04  214.6
   13.0 2.673E-04  213.1
   14.0 2.288E-04  212.1
   15.0 1.955E-04  211.4
   16.0 1.669E-04  210.8
   17.0 1.424E-04  210.3
   18.0 1.213E-04  210.0
   19.0 1.033E-04  209.9
   20.0 8.786E-05  209.9
   21.0 7.467E-05  210.1
   22.0 6.341E-05  210.6
   23.0 5.383E-05  211.2
   24.0 4.568E-05  212.1
   25.0 3.875E-05  213.2
   26.0 3.288E-05  214.5
   27.0 2.790E-05  215.9
   28.0 2.368E-05  217.6
   29.0 2.011E-05  219.5
   30.0 1.709E-05  221.6
   31.0 1.453E-05  223.9
   32.0 1.236E-05  226.4
   33.0 1.053E-05  229.1
   34.0 8.979E-06  232.1
   35.0 7.666E-06  235.3
   36.0 6.555E-06  238.7
   37.0 5.616E-06  242.1
   38.0 4.821E-06  245.5
   39.0 4.149E-06  248.9
   40.0 3.580E-06  252.2
   41.0 3.097E-06  255.2
   42.0 2.688E-06  257.9
   43.0 2.339E-06  260.1
   44.0 2.043E-06  261.9
   45.0 1.789E-06  262.9
   46.0 1.572E-06  263.3
   47.0 1.385E-06  263.0
   48.0 1.223E-06  262.2
   49.0 1.081E-06  260.8
   50.0 9.561E-07  259.0
   51.0 8.461E-07  257.0
   52.0 7.487E-07  254.7
   53.0 6.621E-07  252.2
   54.0 5.850E-07  249.8
   55.0 5.162E-07  247.3
   56.0 4.548E-07  244.9
   57.0 4.001E-07  242.6
   58.0 3.514E-07  240.4
   59.0 3.082E-07  238.2
   60.0 2.699E-07  236.2
   61.0 2.360E-07  234.3
   62.0 2.060E-07  232.5
   63.0 1.796E-07  230.8
   64.0 1.563E-07  229.2
   65.0 1.359E-07  227.8
   66.0 1.180E-07  226.4
   67.0 1.023E-07  225.2
   68.0 8.857E-08  224.1
   69.0 7.661E-08  223.1
   70.0 6.618E-08  222.3
   71.0 5.711E-08  221.6
   72.0 4.924E-08  221.0
   73.0 4.256E-08  220.6
   74.0 3.667E-08  220.0
   75.0 3.160E-08  219.3
   76.0 2.724E-08  218.4
   77.0 2.349E-08  217.4
   78.0 2.025E-08  216.2
   79.0 1.745E-08  214.9
   80.0 1.504E-08  213.4
   81.0 1.295E-08  211.8
   82.0 1.115E-08  210.0
   83.0 9.595E-09  208.1
   84.0 8.248E-09  206.1
   85.0 7.085E-09  204.0
   86.0 6.079E-09  201.8
   87.0 5.210E-09  199.5
   88.0 4.460E-09  197.0
   89.0 3.813E-09  194.5
   90.0 3.255E-09  191.9
   91.0 2.774E-09  189.2
   92.0 2.359E-09  186.6
   93.0 2.000E-09  184.1
   94.0 1.692E-09  181.8
   95.0 1.426E-09  179.7
   96.0 1.198E-09  178.0
   97.0 1.002E-09  176.7
   98.0 8.359E-10  175.8
   99.0 6.948E-10  175.5
  100.0 5.756E-10  175.8
  101.0 4.755E-10  176.7
  102.0 3.919E-10  178.3
  103.0 3.226E-10  180.6
  104.0 2.654E-10  183.5
  105.0 2.183E-10  187.1
  106.0 1.797E-10  191.4
  107.0 1.481E-10  196.5
  108.0 1.223E-10  202.4
  109.0 1.012E-10  209.1
  110.0 8.392E-11  216.8
  111.0 6.979E-11  225.5
  112.0 5.822E-11  235.3
  113.0 4.873E-11  246.2
  114.0 4.095E-11  258.3
  115.0 3.456E-11  271.5
  116.0 2.930E-11  285.9
  117.0 2.497E-11  301.4
  118.0 2.140E-11  317.8
  119.0 1.844E-11  334.9
  120.0 1.601E-11  352.3
  121.0 1.400E-11  369.5
  122.0 1.235E-11  385.7
  123.0 1.101E-11  400.1
  124.0 9.947E-12  410.1
  125.0 9.006E-12  420.5
  126.0 8.183E-12  430.6
  127.0 7.460E-12  440.2
  128.0 6.822E-12  449.4
  129.0 6.256E-12  458.2
  130.0 5.753E-12  466.6
  131.0 5.302E-12  474.7
  132.0 4.898E-12  482.5
  133.0 4.534E-12  489.9
  134.0 4.206E-12  497.0
  135.0 3.908E-12  503.8
  136.0 3.638E-12  510.4
  137.0 3.392E-12  516.6
  138.0 3.168E-12  522.6
  139.0 2.962E-12  528.4
  140.0 2.773E-12  533.9
  141.0 2.600E-12  539.1
  142.0 2.441E-12  544.2
  143.0 2.294E-12  549.0
  144.0 2.158E-12  553.6
  145.0 2.032E-12  558.1
  146.0 1.915E-12  562.3
  147.0 1.807E-12  566.4
  148.0 1.706E-12  570.3
  149.0 1.613E-12  574.1
  150.0 1.525E-12  577.6
  151.0 1.444E-12  581.1
  152.0 1.367E-12  584.4
  153.0 1.296E-12  587.5
  154.0 1.229E-12  590.5
  155.0 1.167E-12  593.4
  156.0 1.108E-12  596.2
  157.0 1.053E-12  598.9
  158.0 1.001E-12  601.4
  159.0 9.518E-13  603.9
  160.0 9.058E-13  606.2
  161.0 8.621E-13  608.4
  162.0 8.212E-13  610.6
  163.0 7.826E-13  612.7
  164.0 7.462E-13  614.6
  165.0 7.117E-13  616.5
  166.0 6.791E-13  618.3
  167.0 6.483E-13  620.1
  168.0 6.191E-13  621.7
  169.0 5.914E-13  623.3
  170.0 5.652E-13  624.9
  171.0 5.403E-13  626.3
  172.0 5.167E-13  627.7
  173.0 4.942E-13  629.1
  174.0 4.729E-13  630.4
  175.0 4.527E-13  631.6
  176.0 4.334E-13  632.8
  177.0 4.151E-13  633.9
  178.0 3.977E-13  635.0
  179.0 3.811E-13  636.1
  180.0 3.653E-13  637.1
  181.0 3.502E-13  638.0
  182.0 3.359E-13  638.9
  183.0 3.222E-13  639.8
  184.0 3.091E-13  640.7
  185.0 2.967E-13  641.5
  186.0 2.848E-13  642.3
  187.0 2.734E-13  643.0
  188.0 2.626E-13  643.7
  189.0 2.522E-13  644.4
  190.0 2.423E-13  645.1
  191.0 2.329E-13  645.7
  192.0 2.238E-13  646.3
  193.0 2.152E-13  646.9
  194.0 2.069E-13  647.4
  195.0 1.990E-13  647.9
  196.0 1.914E-13  648.5
  197.0 1.842E-13  648.9
  198.0 1.772E-13  649.4
  199.0 1.706E-13  649.9
  200.0 1.642E-13  650.3
  201.0 1.581E-13  650.7
  202.0 1.522E-13  651.1
  203.0 1.466E-13  651.5
  204.0 1.412E-13  651.8
  205.0 1.361E-13  652.2
  206.0 1.311E-13  652.5
  207.0 1.263E-13  652.8
  208.0 1.218E-13  653.2
  209.0 1.174E-13  653.5
  210.0 1.132E-13  653.7
  211.0 1.092E-13  654.0
  212.0 1.053E-13  654.3
  213.0 1.016E-13  654.5
  214.0 9.799E-14  654.8
  215.0 9.455E-14  655.0
  216.0 9.125E-14  655.2
  217.0 8.807E-14  655.4
  218.0 8.501E-14  655.6
  219.0 8.208E-14  655.8
  220.0 7.925E-14  656.0
  221.0 7.654E-14  656.2
  222.0 7.392E-14  656.3
  223.0 7.140E-14  656.5
  224.0 6.898E-14  656.7
  225.0 6.665E-14  656.8
  226.0 6.441E-14  657.0
  227.0 6.225E-14  657.1
  228.0 6.017E-14  657.2
  229.0 5.816E-14  657.4
  230.0 5.623E-14  657.5
  231.0 5.437E-14  657.6
  232.0 5.258E-14  657.7
  233.0 5.086E-14  657.8
  234.0 4.919E-14  657.9
  235.0 4.759E-14  658.0
  236.0 4.604E-14  658.1
  237.0 4.455E-14  658.2
  238.0 4.311E-14  658.3
  239.0 4.172E-14  658.4
  240.0 4.038E-14  658.5
  241.0 3.909E-14  658.5
  242.0 3.784E-14  658.6
  243.0 3.664E-14  658.7
  244.0 3.548E-14  658.8
  245.0 3.436E-14  658.8
  246.0 3.328E-14  658.9
  247.0 3.223E-14  658.9
  248.0 3.123E-14  659.0
  249.0 3.025E-14  659.1
  250.0 2.931E-14  659.1
  251.0 2.840E-14  659.2
  252.0 2.752E-14  659.2
  253.0 2.667E-14  659.3
  254.0 2.585E-14  659.3
  255.0 2.506E-14  659.3
  256.0 2.430E-14  659.4
  257.0 2.356E-14  659.4
  258.0 2.284E-14  659.5
  259.0 2.215E-14  659.5
  260.0 2.148E-14  659.5
  261.0 2.083E-14  659.6
  262.0 2.020E-14  659.6
  263.0 1.960E-14  659.6
  264.0 1.901E-14  659.7
  265.0 1.845E-14  659.7
  266.0 1.790E-14  659.7
  267.0 1.737E-14  659.8
  268.0 1.685E-14  659.8
  269.0 1.636E-14  659.8
  270.0 1.587E-14  659.8
  271.0 1.541E-14  659.8
  272.0 1.496E-14  659.9
  273.0 1.452E-14  659.9
  274.0 1.410E-14  659.9
  275.0 1.369E-14  659.9
  276.0 1.329E-14  659.9
  277.0 1.290E-14  660.0
  278.0 1.253E-14  660.0
  279.0 1.217E-14  660.0
  280.0 1.182E-14  660.0
  281.0 1.148E-14  660.0
  282.0 1.115E-14  660.0
  283.0 1.083E-14  660.1
  284.0 1.053E-14  660.1
  285.0 1.023E-14  660.1
  286.0 9.937E-15  660.1
  287.0 9.655E-15  660.1
  288.0 9.383E-15  660.1
  289.0 9.118E-15  660.1
  290.0 8.862E-15  660.1
  291.0 8.613E-15  660.1
  292.0 8.372E-15  660.2
  293.0 8.138E-15  660.2
  294.0 7.911E-15  660.2
  295.0 7.691E-15  660.2
  296.0 7.477E-15  660.2
  297.0 7.270E-15  660.2
  298.0 7.069E-15  660.2
  299.0 6.873E-15  660.2
  300.0 6.684E-15  660.2
  301.0 6.500E-15  660.2
  302.0 6.321E-15  660.2
  303.0 6.148E-15  660.2
  304.0 5.980E-15  660.2
  305.0 5.817E-15  660.2
  306.0 5.658E-15  660.3
  307.0 5.504E-15  660.3
  308.0 5.355E-15  660.3
  309.0 5.209E-15  660.3
  310.0 5.068E-15  660.3
  311.0 4.931E-15  660.3
  312.0 4.798E-15  660.3
  313.0 4.669E-15  660.3
  314.0 4.544E-15  660.3
  315.0 4.422E-15  660.3
  316.0 4.303E-15  660.3
  317.0 4.188E-15  660.3
  318.0 4.076E-15  660.3
  319.0 3.968E-15  660.3
  320.0 3.862E-15  660.3
  321.0 3.760E-15  660.3
  322.0 3.660E-15  660.3
  323.0 3.563E-15  660.3
  324.0 3.469E-15  660.3
  325.0 3.377E-15  660.3
  326.0 3.288E-15  660.3
  327.0 3.202E-15  660.3
  328.0 3.118E-15  660.3
  329.0 3.036E-15  660.3
  330.0 2.956E-15  660.3
  331.0 2.879E-15  660.3
  332.0 2.804E-15  660.3
  333.0 2.731E-15  660.3
  334.0 2.660E-15  660.3
  335.0 2.591E-15  660.3
  336.0 2.523E-15  660.3
  337.0 2.458E-15  660.3
  338.0 2.394E-15  660.3
  339.0 2.332E-15  660.3
  340.0 2.272E-15  660.4
  341.0 2.214E-15  660.4
  342.0 2.157E-15  660.4
  343.0 2.101E-15  660.4
  344.0 2.048E-15  660.4
  345.0 1.995E-15  660.4
  346.0 1.944E-15  660.4
  347.0 1.895E-15  660.4
  348.0 1.846E-15  660.4
  349.0 1.799E-15  660.4
  350.0 1.754E-15  660.4
  351.0 1.709E-15  660.4
  352.0 1.666E-15  660.4
  353.0 1.624E-15  660.4
  354.0 1.583E-15  660.4
  355.0 1.543E-15  660.4
  356.0 1.504E-15  660.4
  357.0 1.466E-15  660.4
  358.0 1.429E-15  660.4
  359.0 1.393E-15  660.4
  360.0 1.358E-15  660.4
  361.0 1.324E-15  660.4
  362.0 1.291E-15  660.4
  363.0 1.259E-15  660.4
  364.0 1.228E-15  660.4
  365.0 1.197E-15  660.4
  366.0 1.168E-15  660.4
  367.0 1.139E-15  660.4
  368.0 1.111E-15  660.4
  369.0 1.083E-15  660.4
  370.0 1.056E-15  660.4
  371.0 1.030E-15  660.4
  372.0 1.005E-15  660.4
  373.0 9.804E-16  660.4
  374.0 9.564E-16  660.4
  375.0 9.330E-16  660.4
  376.0 9.102E-16  660.4
  377.0 8.880E-16  660.4
  378.0 8.664E-16  660.4
  379.0 8.453E-16  660.4
  380.0 8.248E-16  660.4
  381.0 8.048E-16  660.4
  382.0 7.854E-16  660.4
  383.0 7.664E-16  660.4
  384.0 7.479E-16  660.4
  385.0 7.299E-16  660.4
  386.0 7.124E-16  660.4
  387.0 6.953E-16  660.4
  388.0 6.787E-16  660.4
  389.0 6.624E-16  660.4
  390.0 6.466E-16  660.4
  391.0 6.312E-16  660.4
  392.0 6.162E-16  660.4
  393.0 6.016E-16  660.4
  394.0 5.873E-16  660.4
  395.0 5.734E-16  660.4
  396.0 5.599E-16  660.4
  397.0 5.467E-16  660.4
  398.0 5.339E-16  660.4
  399.0 5.213E-16  660.4
  400.0 5.091E-16  660.4
  401.0 4.972E-16  660.4
  402.0 4.856E-16  660.4
  403.0 4.743E-16  660.4
  404.0 4.633E-16  660.4
  405.0 4.525E-16  660.4
  406.0 4.420E-16  660.4
  407.0 4.318E-16  660.4
  408.0 4.219E-16  660.4
  409.0 4.122E-16  660.4
  410.0 4.027E-16  660.4
  411.0 3.935E-16  660.4
  412.0 3.845E-16  660.4
  413.0 3.757E-16  660.4
  414.0 3.672E-16  660.4
  415.0 3.588E-16  660.4
  416.0 3.507E-16  660.4
  417.0 3.428E-16  660.4
  418.0 3.350E-16  660.4
  419.0 3.275E-16  660.4
  420.0 3.202E-16  660.4
  421.0 3.130E-16  660.4
  422.0 3.060E-16  660.4
  423.0 2.992E-16  660.4
  424.0 2.925E-16  660.4
  425.0 2.860E-16  660.4
  426.0 2.797E-16  660.4
  427.0 2.735E-16  660.4
  428.0 2.675E-16  660.4
  429.0 2.616E-16  660.4
  430.0 2.559E-16  660.4
  431.0 2.503E-16  660.4
  432.0 2.449E-16  660.4
  433.0 2.396E-16  660.4
  434.0 2.344E-16  660.4
  435.0 2.293E-16  660.4
  436.0 2.244E-16  660.4
  437.0 2.195E-16  660.4
  438.0 2.148E-16  660.4
  439.0 2.103E-16  660.4
  440.0 2.058E-16  660.4
  441.0 2.014E-16  660.4
  442.0 1.971E-16  660.4
  443.0 1.930E-16  660.4
  444.0 1.889E-16  660.4
  445.0 1.850E-16  660.4
  446.0 1.811E-16  660.4
  447.0 1.773E-16  660.4
  448.0 1.736E-16  660.4
  449.0 1.701E-16  660.4
  450.0 1.665E-16  660.4
  451.0 1.631E-16  660.4
  452.0 1.598E-16  660.4
  453.0 1.565E-16  660.4
  454.0 1.533E-16  660.4
  455.0 1.502E-16  660.4
  456.0 1.472E-16  660.4
  457.0 1.442E-16  660.4
  458.0 1.413E-16  660.4
  459.0 1.385E-16  660.4
  460.0 1.357E-16  660.4
  461.0 1.330E-16  660.4
  462.0 1.304E-16  660.4
  463.0 1.278E-16  660.4
  464.0 1.253E-16  660.4
  465.0 1.229E-16  660.4
  466.0 1.205E-16  660.4
  467.0 1.182E-16  660.4
  468.0 1.159E-16  660.4
  469.0 1.136E-16  660.4
  470.0 1.115E-16  660.4
  471.0 1.093E-16  660.4
  472.0 1.073E-16  660.4
  473.0 1.052E-16  660.4
  474.0 1.033E-16  660.4
  475.0 1.013E-16  660.4
  476.0 9.942E-17  660.4
  477.0 9.757E-17  660.4
  478.0 9.577E-17  660.4
  479.0 9.400E-17  660.4
  480.0 9.228E-17  660.4
  481.0 9.059E-17  660.4
  482.0 8.894E-17  660.4
  483.0 8.733E-17  660.4
  484.0 8.576E-17  660.4
  485.0 8.422E-17  660.4
  486.0 8.272E-17  660.4
  487.0 8.125E-17  660.4
  488.0 7.981E-17  660.4
  489.0 7.841E-17  660.4
  490.0 7.704E-17  660.4
  491.0 7.570E-17  660.4
  492.0 7.438E-17  660.4
  493.0 7.310E-17  660.4
  494.0 7.185E-17  660.4
  495.0 7.062E-17  660.4
  496.0 6.942E-17  660.4
  497.0 6.825E-17  660.4
  498.0 6.710E-17  660.4
  499.0 6.598E-17  660.4
  500.0 6.488E-17  660.4
  501.0 6.381E-17  660.4
  502.0 6.276E-17  660.4
  503.0 6.173E-17  660.4
  504.0 6.073E-17  660.4
  505.0 5.974E-17  660.4
  506.0 5.878E-17  660.4
  507.0 5.784E-17  660.4
  508.0 5.692E-17  660.4
  509.0 5.602E-17  660.4
  510.0 5.514E-17  660.4
  511.0 5.428E-17  660.4
  512.0 5.343E-17  660.4
  513.0 5.260E-17  660.4
  514.0 5.180E-17  660.4
  515.0 5.100E-17  660.4
  516.0 5.023E-17  660.4
  517.0 4.947E-17  660.4
  518.0 4.873E-17  660.4
  519.0 4.800E-17  660.4
  520.0 4.729E-17  660.4
  521.0 4.659E-17  660.4
  522.0 4.591E-17  660.4
  523.0 4.524E-17  660.4
  524.0 4.458E-17  660.4
  525.0 4.394E-17  660.4
  526.0 4.331E-17  660.4
  527.0 4.269E-17  660.4
  528.0 4.209E-17  660.4
  529.0 4.150E-17  660.4
  530.0 4.092E-17  660.4
  531.0 4.035E-17  660.4
  532.0 3.980E-17  660.4
  533.0 3.925E-17  660.4
  534.0 3.872E-17  660.4
  535.0 3.819E-17  660.4
  536.0 3.768E-17  660.4
  537.0 3.718E-17  660.4
  538.0 3.668E-17  660.4
  539.0 3.620E-17  660.4
  540.0 3.572E-17  660.4
  541.0 3.526E-17  660.4
  542.0 3.480E-17  660.4
  543.0 3.436E-17  660.4
  544.0 3.392E-17  660.4
  545.0 3.349E-17  660.4
  546.0 3.306E-17  660.4
  547.0 3.265E-17  660.4
  548.0 3.224E-17  660.4
  549.0 3.185E-17  660.4
  550.0 3.145E-17  660.4
  551.0 3.107E-17  660.4
  552.0 3.069E-17  660.4
  553.0 3.032E-17  660.4
  554.0 2.996E-17  660.4
  555.0 2.961E-17  660.4
  556.0 2.926E-17  660.4
  557.0 2.891E-17  660.4
  558.0 2.858E-17  660.4
  559.0 2.824E-17  660.4
  560.0 2.792E-17  660.4
  561.0 2.760E-17  660.4
  562.0 2.729E-17  660.4
  563.0 2.698E-17  660.4
  564.0 2.668E-17  660.4
  565.0 2.638E-17  660.4
  566.0 2.609E-17  660.4
  567.0 2.580E-17  660.4
  568.0 2.552E-17  660.4
  569.0 2.524E-17  660.4
  570.0 2.497E-17  660.4
  571.0 2.470E-17  660.4
  572.0 2.444E-17  660.4
  573.0 2.418E-17  660.4
  574.0 2.393E-17  660.4
  575.0 2.368E-17  660.4
  576.0 2.343E-17  660.4
  577.0 2.319E-17  660.4
  578.0 2.295E-17  660.4
  579.0 2.272E-17  660.4
  580.0 2.249E-17  660.4
  581.0 2.226E-17  660.4
  582.0 2.204E-17  660.4
  583.0 2.182E-17  660.4
  584.0 2.160E-17  660.4
  585.0 2.139E-17  660.4
  586.0 2.118E-17  660.4
  587.0 2.098E-17  660.4
  588.0 2.078E-17  660.4
  589.0 2.058E-17  660.4
  590.0 2.038E-17  660.4
  591.0 2.019E-17  660.4
  592.0 2.000E-17  660.4
  593.0 1.981E-17  660.4
  594.0 1.963E-17  660.4
  595.0 1.945E-17  660.4
  596.0 1.927E-17  660.4
  597.0 1.909E-17  660.4
  598.0 1.892E-17  660.4
  599.0 1.875E-17  660.4
  600.0 1.858E-17  660.4
  601.0 1.841E-17  660.4
  602.0 1.825E-17  660.4
  603.0 1.809E-17  660.4
  604.0 1.793E-17  660.4
  605.0 1.778E-17  660.4
  606.0 1.762E-17  660.4
  607.0 1.747E-17  660.4
  608.0 1.732E-17  660.4
  609.0 1.717E-17  660.4
  610.0 1.703E-17  660.4
  611.0 1.688E-17  660.4
  612.0 1.674E-17  660.4
  613.0 1.660E-17  660.4
  614.0 1.646E-17  660.4
  615.0 1.633E-17  660.4
  616.0 1.619E-17  660.4
  617.0 1.606E-17  660.4
  618.0 1.593E-17  660.4
  619.0 1.580E-17  660.4
  620.0 1.567E-17  660.4
  621.0 1.555E-17  660.4
  622.0 1.542E-17  660.4
  623.0 1.530E-17  660.4
  624.0 1.518E-17  660.4
  625.0 1.506E-17  660.4
  626.0 1.494E-17  660.4
  627.0 1.483E-17  660.4
  628.0 1.471E-17  660.4
  629.0 1.460E-17  660.4
  630.0 1.448E-17  660.4
  631.0 1.437E-17  660.4
  632.0 1.426E-17  660.4
  633.0 1.416E-17  660.4
  634.0 1.405E-17  660.4
  635.0 1.394E-17  660.4
  636.0 1.384E-17  660.4
  637.0 1.374E-17  660.4
  638.0 1.363E-17  660.4
  639.0 1.353E-17  660.4
  640.0 1.343E-17  660.4
  641.0 1.334E-17  660.4
  642.0 1.324E-17  660.4
  643.0 1.314E-17  660.4
  644.0 1.305E-17  660.4
  645.0 1.295E-17  660.4
  646.0 1.286E-17  660.4
  647.0 1.277E-17  660.4
  648.0 1.268E-17  660.4
  649.0 1.259E-17  660.4
  650.0 1.250E-17  660.4
  651.0 1.241E-17  660.4
  652.0 1.232E-17  660.4
  653.0 1.224E-17  660.4
  654.0 1.215E-17  660.4
  655.0 1.207E-17  660.4
  656.0 1.199E-17  660.4
  657.0 1.190E-17  660.4
  658.0 1.182E-17  660.4
  659.0 1.174E-17  660.4
  660.0 1.166E-17  660.4
  661.0 1.158E-17  660.4
  662.0 1.150E-17  660.4
  663.0 1.143E-17  660.4
  664.0 1.135E-17  660.4
  665.0 1.127E-17  660.4
  666.0 1.120E-17  660.4
  667.0 1.112E-17  660.4
  668.0 1.105E-17  660.4
  669.0 1.098E-17  660.4
  670.0 1.090E-17  660.4
  671.0 1.083E-17  660.4
  672.0 1.076E-17  660.4
  673.0 1.069E-17  660.4
  674.0 1.062E-17  660.4
  675.0 1.055E-17  660.4
  676.0 1.048E-17  660.4
  677.0 1.042E-17  660.4
  678.0 1.035E-17  660.4
  679.0 1.028E-17  660.4
  680.0 1.022E-17  660.4
  681.0 1.015E-17  660.4
  682.0 1.009E-17  660.4
  683.0 1.002E-17  660.4
  684.0 9.959E-18  660.4
  685.0 9.897E-18  660.4
  686.0 9.834E-18  660.4
  687.0 9.772E-18  660.4
  688.0 9.711E-18  660.4
  689.0 9.651E-18  660.4
  690.0 9.590E-18  660.4
  691.0 9.531E-18  660.4
  692.0 9.472E-18  660.4
  693.0 9.413E-18  660.4
  694.0 9.355E-18  660.4
  695.0 9.297E-18  660.4
  696.0 9.240E-18  660.4
  697.0 9.183E-18  660.4
  698.0 9.127E-18  660.4
  699.0 9.071E-18  660.4
  700.0 9.016E-18  660.4
  701.0 8.961E-18  660.4
  702.0 8.907E-18  660.4
  703.0 8.853E-18  660.4
  704.0 8.800E-18  660.4
  705.0 8.747E-18  660.4
  706.0 8.694E-18  660.4
  707.0 8.642E-18  660.4
  708.0 8.590E-18  660.4
  709.0 8.539E-18  660.4
  710.0 8.488E-18  660.4
  711.0 8.437E-18  660.4
  712.0 8.387E-18  660.4
  713.0 8.338E-18  660.4
  714.0 8.288E-18  660.4
  715.0 8.239E-18  660.4
  716.0 8.191E-18  660.4
  717.0 8.143E-18  660.4
  718.0 8.095E-18  660.4
  719.0 8.047E-18  660.4
  720.0 8.000E-18  660.4
  721.0 7.954E-18  660.4
  722.0 7.907E-18  660.4
  723.0 7.861E-18  660.4
  724.0 7.816E-18  660.4
  725.0 7.770E-18  660.4
  726.0 7.725E-18  660.4
  727.0 7.681E-18  660.4
  728.0 7.636E-18  660.4
  729.0 7.592E-18  660.4
  730.0 7.549E-18  660.4
  731.0 7.505E-18  660.4
  732.0 7.462E-18  660.4
  733.0 7.419E-18  660.4
  734.0 7.377E-18  660.4
  735.0 7.335E-18  660.4
  736.0 7.293E-18  660.4
  737.0 7.252E-18  660.4
  738.0 7.211E-18  660.4
  739.0 7.170E-18  660.4
  740.0 7.129E-18  660.4
  741.0 7.089E-18  660.4
  742.0 7.049E-18  660.4
  743.0 7.009E-18  660.4
  744.0 6.969E-18  660.4
  745.0 6.930E-18  660.4
  746.0 6.891E-18  660.4
  747.0 6.853E-18  660.4
  748.0 6.814E-18  660.4
  749.0 6.776E-18  660.4
  750.0 6.738E-18  660.4
  751.0 6.701E-18  660.4
  752.0 6.664E-18  660.4
  753.0 6.626E-18  660.4
  754.0 6.590E-18  660.4
  755.0 6.553E-18  660.4
  756.0 6.517E-18  660.4
  757.0 6.481E-18  660.4
  758.0 6.445E-18  660.4
  759.0 6.409E-18  660.4
  760.0 6.374E-18  660.4
  761.0 6.339E-18  660.4
  762.0 6.304E-18  660.4
  763.0 6.269E-18  660.4
  764.0 6.235E-18  660.4
  765.0 6.201E-18  660.4
  766.0 6.167E-18  660.4
  767.0 6.133E-18  660.4
  768.0 6.100E-18  660.4
  769.0 6.067E-18  660.4
  770.0 6.034E-18  660.4
  771.0 6.001E-18  660.4
  772.0 5.968E-18  660.4
  773.0 5.936E-18  660.4
  774.0 5.903E-18  660.4
  775.0 5.872E-18  660.4
  776.0 5.840E-18  660.4
  777.0 5.808E-18  660.4
  778.0 5.777E-18  660.4
  779.0 5.746E-18  660.4
  780.0 5.715E-18  660.4
  781.0 5.684E-18  660.4
  782.0 5.653E-18  660.4
  783.0 5.623E-18  660.4
  784.0 5.593E-18  660.4
  785.0 5.563E-18  660.4
  786.0 5.533E-18  660.4
  787.0 5.504E-18  660.4
  788.0 5.474E-18  660.4
  789.0 5.445E-18  660.4
  790.0 5.416E-18  660.4
  791.0 5.387E-18  660.4
  792.0 5.358E-18  660.4
  793.0 5.330E-18  660.4
  794.0 5.302E-18  660.4
  795.0 5.274E-18  660.4
  796.0 5.246E-18  660.4
  797.0 5.218E-18  660.4
  798.0 5.190E-18  660.4
  799.0 5.163E-18  660.4
  800.0 5.136E-18  660.4
  801.0 5.108E-18  660.4
  802.0 5.082E-18  660.4
  803.0 5.055E-18  660.4
  804.0 5.028E-18  660.4
  805.0 5.002E-18  660.4
  806.0 4.976E-18  660.4
  807.0 4.949E-18  660.4
  808.0 4.924E-18  660.4
  809.0 4.898E-18  660.4
  810.0 4.872E-18  660.4
  811.0 4.847E-18  660.4
  812.0 4.821E-18  660.4
  813.0 4.796E-18  660.4
  814.0 4.771E-18  660.4
  815.0 4.746E-18  660.4
  816.0 4.722E-18  660.4
  817.0 4.697E-18  660.4
  818.0 4.673E-18  660.4
  819.0 4.649E-18  660.4
  820.0 4.624E-18  660.4
  821.0 4.601E-18  660.4
  822.0 4.577E-18  660.4
  823.0 4.553E-18  660.4
  824.0 4.530E-18  660.4
  825.0 4.506E-18  660.4
  826.0 4.483E-18  660.4
  827.0 4.460E-18  660.4
  828.0 4.437E-18  660.4
  829.0 4.414E-18  660.4
  830.0 4.391E-18  660.4
  831.0 4.369E-18  660.4
  832.0 4.346E-18  660.4
  833.0 4.324E-18  660.4
  834.0 4.302E-18  660.4
  835.0 4.280E-18  660.4
  836.0 4.258E-18  660.4
  837.0 4.236E-18  660.4
  838.0 4.215E-18  660.4
  839.0 4.193E-18  660.4
  840.0 4.172E-18  660.4
  841.0 4.151E-18  660.4
  842.0 4.130E-18  660.4
  843.0 4.109E-18  660.4
  844.0 4.088E-18  660.4
  845.0 4.067E-18  660.4
  846.0 4.046E-18  660.4
  847.0 4.026E-18  660.4
  848.0 4.005E-18  660.4
  849.0 3.985E-18  660.4
  850.0 3.965E-18  660.4
  851.0 3.945E-18  660.4
  852.0 3.925E-18  660.4
  853.0 3.905E-18  660.4
  854.0 3.886E-18  660.4
  855.0 3.866E-18  660.4
  856.0 3.847E-18  660.4
  857.0 3.827E-18  660.4
  858.0 3.808E-18  660.4
  859.0 3.789E-18  660.4
  860.0 3.770E-18  660.4
  861.0 3.751E-18  660.4
  862.0 3.732E-18  660.4
  863.0 3.714E-18  660.4
  864.0 3.695E-18  660.4
  865.0 3.677E-18  660.4
  866.0 3.658E-18  660.4
  867.0 3.640E-18  660.4
  868.0 3.622E-18  660.4
  869.0 3.604E-18  660.4
  870.0 3.586E-18  660.4
  871.0 3.568E-18  660.4
  872.0 3.551E-18  660.4
  873.0 3.533E-18  660.4
  874.0 3.515E-18  660.4
  875.0 3.498E-18  660.4
  876.0 3.481E-18  660.4
  877.0 3.463E-18  660.4
  878.0 3.446E-18  660.4
  879.0 3.429E-18  660.4
  880.0 3.412E-18  660.4
  881.0 3.396E-18  660.4
  882.0 3.379E-18  660.4
  883.0 3.362E-18  660.4
  884.0 3.346E-18  660.4
  885.0 3.329E-18  660.4
  886.0 3.313E-18  660.4
  887.0 3.297E-18  660.4
  888.0 3.281E-18  660.4
  889.0 3.264E-18  660.4
  890.0 3.248E-18  660.4
  891.0 3.233E-18  660.4
  892.0 3.217E-18  660.4
  893.0 3.201E-18  660.4
  894.0 3.185E-18  660.4
  895.0 3.170E-18  660.4
  896.0 3.154E-18  660.4
  897.0 3.139E-18  660.4
  898.0 3.124E-18  660.4
  899.0 3.109E-18  660.4
  900.0 3.094E-18  660.4
  901.0 3.079E-18  660.4
  902.0 3.064E-18  660.4
  903.0 3.049E-18  660.4
  904.0 3.034E-18  660.4
  905.0 3.019E-18  660.4
  906.0 3.005E-18  660.4
  907.0 2.990E-18  660.4
  908.0 2.976E-18  660.4
  909.0 2.962E-18  660.4
  910.0 2.947E-18  660.4
  911.0 2.933E-18  660.4
  912.0 2.919E-18  660.4
  913.0 2.905E-18  660.4
  914.0 2.891E-18  660.4
  915.0 2.877E-18  660.4
  916.0 2.863E-18  660.4
  917.0 2.850E-18  660.4
  918.0 2.836E-18  660.4
  919.0 2.822E-18  660.4
  920.0 2.809E-18  660.4
  921.0 2.796E-18  660.4
  922.0 2.782E-18  660.4
  923.0 2.769E-18  660.4
  924.0 2.756E-18  660.4
  925.0 2.743E-18  660.4
  926.0 2.730E-18  660.4
  927.0 2.717E-18  660.4
  928.0 2.704E-18  660.4
  929.0 2.691E-18  660.4
  930.0 2.678E-18  660.4
  931.0 2.665E-18  660.4
  932.0 2.653E-18  660.4
  933.0 2.640E-18  660.4
  934.0 2.628E-18  660.4
  935.0 2.615E-18  660.4
  936.0 2.603E-18  660.4
  937.0 2.591E-18  660.4
  938.0 2.579E-18  660.4
  939.0 2.566E-18  660.4
  940.0 2.554E-18  660.4
  941.0 2.542E-18  660.4
  942.0 2.530E-18  660.4
  943.0 2.519E-18  660.4
  944.0 2.507E-18  660.4
  945.0 2.495E-18  660.4
  946.0 2.483E-18  660.4
  947.0 2.472E-18  660.4
  948.0 2.460E-18  660.4
  949.0 2.449E-18  660.4
  950.0 2.437E-18  660.4
  951.0 2.426E-18  660.4
  952.0 2.415E-18  660.4
  953.0 2.403E-18  660.4
  954.0 2.392E-18  660.4
  955.0 2.381E-18  660.4
  956.0 2.370E-18  660.4
  957.0 2.359E-18  660.4
  958.0 2.348E-18  660.4
  959.0 2.337E-18  660.4
  960.0 2.326E-18  660.4
  961.0 2.316E-18  660.4
  962.0 2.305E-18  660.4
  963.0 2.294E-18  660.4
  964.0 2.284E-18  660.4
  965.0 2.273E-18  660.4
  966.0 2.263E-18  660.4
  967.0 2.252E-18  660.4
  968.0 2.242E-18  660.4
  969.0 2.232E-18  660.4
  970.0 2.222E-18  660.4
  971.0 2.211E-18  660.4
  972.0 2.201E-18  660.4
  973.0 2.191E-18  660.4
  974.0 2.181E-18  660.4
  975.0 2.171E-18  660.4
  976.0 2.161E-18  660.4
  977.0 2.151E-18  660.4
  978.0 2.142E-18  660.4
  979.0 2.132E-18  660.4
  980.0 2.122E-18  660.4
  981.0 2.113E-18  660.4
  982.0 2.103E-18  660.4
  983.0 2.093E-18  660.4
  984.0 2.084E-18  660.4
  985.0 2.075E-18  660.4
  986.0 2.065E-18  660.4
  987.0 2.056E-18  660.4
  988.0 2.047E-18  660.4
  989.0 2.037E-18  660.4
  990.0 2.028E-18  660.4
  991.0 2.019E-18  660.4
  992.0 2.010E-18  660.4
  993.0 2.001E-18  660.4
  994.0 1.992E-18  660.4
  995.0 1.983E-18  660.4
  996.0 1.974E-18  660.4
  997.0 1.965E-18  660.4
  998.0 1.956E-18  660.4
  999.0 1.948E-18  660.4