#Creator: pendulumdriveEventBuffer
#Creation time: Wed Nov 20 12:05:42 2013
#Time	Pos
#[s]	[au]
0.050	497
0.100	452
0.150	406
0.201	363
0.251	322
0.301	286
0.351	257
0.401	239
0.451	230
0.502	230
0.552	239
0.602	261
0.652	291
0.702	328
0.753	371
0.803	416
0.854	465
0.904	509
0.954	550
1.004	587
1.055	617
1.105	639
1.155	649
1.205	651
1.255	644
1.306	622
1.356	593
1.406	556
1.456	516
1.506	470
1.556	423
1.607	378
1.657	336
1.707	299
1.757	269
1.807	248
1.857	237
1.908	234
1.958	240
2.008	258
2.058	285
2.109	318
2.160	357
2.210	400
2.260	445
2.310	490
2.360	532
2.410	571
2.461	603
2.511	628
2.561	643
2.611	649
2.661	641
2.711	622
2.762	596
2.812	564
2.862	526
2.912	485
2.962	441
3.013	398
3.063	355
3.113	318
3.163	285
3.213	261
3.263	245
3.314	239
3.365	244
3.415	259
3.465	282
3.515	313
3.565	348
3.616	387
3.666	429
3.716	472
3.766	514
3.816	552
3.867	586
3.917	612
3.967	632
4.017	641
4.067	636
4.117	620
4.168	597
4.218	568
4.268	533
4.318	495
4.368	454
4.418	412
4.469	372
4.519	334
4.569	301
4.620	275
4.670	258
4.721	250
4.771	251
4.821	262
4.871	283
4.921	310
4.971	342
5.022	379
5.072	419
5.122	459
5.172	500
5.222	537
5.272	570
5.323	597
5.373	617
5.423	630
5.473	631
5.523	617
5.574	596
5.624	569
5.674	538
5.724	501
5.774	463
5.824	424
5.876	384
5.926	348
5.976	315
6.026	288
6.076	270
6.126	258
6.177	257
6.227	265
6.277	283
6.327	308
6.377	337
6.428	373
6.478	410
6.528	448
6.578	487
6.628	523
6.678	556
6.729	584
6.779	604
6.829	619
6.879	624
6.929	617
6.979	597
7.030	573
7.080	544
7.131	510
7.181	472
7.231	434
7.282	397
7.332	361
7.382	328
7.432	301
7.482	280
7.532	268
7.583	262
7.633	267
7.683	281
7.733	303
7.783	330
7.834	363
7.884	399
7.934	437
7.984	474
8.034	510
8.084	543
8.135	571
8.185	593
8.235	607
8.285	615
8.335	613
8.386	599
8.437	577
8.487	551
8.537	520
8.587	484
8.637	446
8.688	410
8.738	374
8.788	342
8.838	313
8.888	292
8.938	277
8.989	270
9.039	271
9.089	282
9.139	300
9.189	324
9.239	353
9.290	387
9.340	423
9.390	459
9.440	495
9.490	528
9.541	556
9.591	580
9.642	596
9.692	605
9.742	607
9.792	598
9.843	580
9.893	557
9.943	529
9.993	496
10.043	462
10.093	426
10.144	391
10.194	358
10.244	329
10.294	306
10.344	289
10.395	279
10.445	278
10.495	284
10.545	299
10.595	319
10.645	345
10.696	375
10.746	409
10.796	443
10.847	478
10.897	510
10.947	539
10.998	564
11.048	582
11.098	593
11.148	598
11.198	593
11.249	580
11.299	560
11.349	535
11.399	506
11.449	474
11.499	440
11.550	407
11.600	376
11.650	346
11.700	323
11.750	304
11.800	292
11.851	287
11.901	291
11.951	301
12.001	319
12.051	341
12.103	368
12.153	398
12.203	430
12.253	462
12.303	494
12.353	522
12.404	547
12.454	566
12.504	579
12.554	586
12.604	585
12.654	575
12.705	559
12.755	538
12.805	512
12.855	482
12.905	452
12.956	421
13.006	391
13.056	363
13.106	339
13.156	320
13.206	306
13.257	298
13.307	299
13.358	307
13.408	321
13.458	340
13.509	364
13.559	391
13.609	420
13.659	450
13.709	479
13.759	506
13.810	530
13.860	550
13.910	564
13.960	573
14.010	574
14.060	569
14.111	556
14.161	538
14.211	514
14.261	488
14.311	460
14.362	431
14.412	403
14.462	377
14.512	353
14.562	335
14.613	320
14.664	311
14.714	309
14.764	313
14.814	325
14.864	341
14.914	362
14.965	387
15.015	414
15.065	441
15.115	469
15.165	494
15.216	517
15.266	535
15.316	550
15.366	559
15.416	564
15.466	560
15.517	551
15.567	536
15.617	516
15.667	492
15.717	466
15.767	439
15.818	413
15.869	387
15.919	366
15.969	347
16.019	334
16.070	324
16.120	320
16.170	322
16.220	330
16.270	344
16.320	362
16.371	384
16.421	409
16.471	434
16.521	460
16.571	484
16.621	506
16.672	524
16.722	538
16.772	547
16.822	552
16.872	551
16.923	544
16.973	531
17.023	515
17.073	494
17.124	470
17.174	446
17.225	421
17.275	397
17.325	375
17.375	358
17.425	344
17.475	335
17.526	330
17.576	331
17.626	337
17.676	348
17.726	364
17.777	383
17.827	405
17.877	429
17.927	453
17.977	476
18.027	497
18.078	515
18.128	528
18.178	538
18.228	542
18.278	542
18.328	537
18.380	527
18.430	512
18.480	494
18.530	473
18.580	450
18.631	427
18.681	405
18.731	384
18.781	366
18.831	353
18.881	343
18.932	339
18.982	339
19.032	344
19.082	353
19.132	367
19.182	383
19.233	404
19.283	425
19.333	447
19.383	469
19.433	490
19.484	506
19.534	521
19.584	530
19.635	535
19.685	535
19.735	531
19.786	521
19.836	509
19.886	493
19.936	474
19.986	453
20.037	432
20.087	410
20.137	391
20.187	374
20.237	360
20.287	351
20.338	345
20.388	345
20.438	349
20.488	357
20.538	370
20.588	385
20.639	403
20.689	423
20.739	443
20.789	464
20.839	483
20.891	500
20.941	513
20.991	524
21.041	529
21.091	530
21.141	526
21.192	518
21.242	506
21.292	492
21.342	474
21.392	454
21.442	434
21.493	415
21.543	396
21.593	380
21.643	366
21.693	356
21.744	351
21.794	349
21.844	352
21.894	360
21.944	371
21.994	386
22.045	403
22.095	422
22.146	441
22.196	460
22.246	479
22.296	495
22.347	508
22.397	518
22.447	524
22.497	526
22.547	523
22.598	516
22.648	506
22.698	491
22.748	475
22.798	456
22.848	437
22.899	418
22.949	400
22.999	384
23.049	371
23.099	360
23.149	355
23.200	352
23.250	355
23.300	361
23.351	372
23.401	385
23.452	402
23.502	420
23.552	439
23.602	457
23.652	476
23.702	491
23.753	504
23.803	514
23.853	521
23.903	523
23.953	521
24.003	515
24.054	505
24.104	492
24.154	476
24.204	458
24.254	440
24.305	421
24.355	403
24.405	387
24.455	374
24.505	364
24.555	358
24.607	355
24.657	357
24.707	362
24.757	371
24.807	385
24.858	400
24.908	417
24.958	435
25.008	454
25.058	471
25.108	488
25.159	501
25.209	511
25.259	518
25.309	521
25.359	520
25.409	515
25.460	506
25.510	494
25.560	479
25.610	462
25.660	443
25.710	425
25.761	408
25.811	392
25.862	378
25.912	367
25.962	360
26.013	357
26.063	358
26.113	362
26.163	371
26.213	382
26.263	397
26.314	413
26.364	431
26.414	449
26.464	467
26.514	483
26.565	497
26.615	508
26.665	515
26.715	519
26.765	519
26.815	515
26.866	507
26.916	495
26.966	482
27.016	465
27.066	448
27.117	430
27.168	413
27.218	396
27.268	383
27.318	371
27.368	364
27.419	359
27.469	359
27.519	363
27.569	370
27.619	380
27.669	394
27.720	410
27.770	427
27.820	445
27.870	462
27.920	478
27.970	492
28.021	504
28.071	512
28.121	517
28.171	517
28.221	515
28.272	507
28.322	497
28.373	484
28.423	469
28.473	452
28.523	435
28.574	418
28.624	402
28.674	387
28.724	376
28.774	367
28.824	362
28.875	361
28.925	363
28.975	370
29.025	379
29.075	391
29.126	406
29.176	422
29.226	440
29.276	456
29.326	473
29.376	487
29.427	499
29.477	507
29.527	513
29.578	515
29.628	513
29.678	507
29.729	498
29.779	487
29.829	472
29.879	457
29.929	440
29.980	424
30.030	407
30.080	393
30.130	381
30.180	372
30.230	366
30.281	364
30.331	365
30.381	370
30.431	378
30.481	390
30.531	403
30.582	419
30.632	434
30.682	451
30.732	467
30.782	481
30.834	493
30.884	503
30.934	509
30.984	512
31.034	511
31.084	506
31.135	499
31.185	488
31.235	475
31.285	460
31.335	444
31.386	428
31.436	413
31.486	399
31.536	387
31.586	377
31.636	371
31.687	367
31.737	368
31.787	371
31.837	379
31.887	389
31.937	401
31.988	415
32.038	431
32.089	446
32.139	462
32.189	476
32.240	488
32.290	498
32.340	505
32.390	508
32.440	508
32.490	505
32.541	498
32.591	488
32.641	477
32.691	463
32.741	448
32.791	432
32.842	418
32.892	404
32.942	391
32.992	382
33.042	375
33.093	371
33.143	370
33.193	373
33.243	380
33.293	389
33.344	400
33.395	413
33.445	427
33.495	443
33.545	457
33.595	471
33.645	483
33.696	493
33.746	500
33.796	505
33.846	505
33.896	503
33.947	497
33.997	489
34.047	478
34.097	465
34.147	450
34.197	436
34.248	422
34.298	408
34.348	396
34.398	386
34.448	378
34.498	375
34.549	373
34.600	375
34.650	380
34.700	389
34.750	399
34.801	411
34.851	425
34.901	439
34.951	454
35.001	467
35.051	479
35.102	489
35.152	497
35.202	501
35.252	503
35.302	501
35.352	496
35.403	488
35.453	479
35.503	466
35.553	453
35.603	439
35.654	425
35.704	412
35.754	400
35.804	390
35.855	383
35.905	377
35.956	376
36.006	377
36.056	382
36.106	389
36.156	399
36.206	410
36.257	423
36.307	437
36.357	451
36.407	464
36.457	476
36.508	485
36.558	493
36.608	498
36.658	500
36.708	499
36.758	495
36.809	488
36.859	479
36.909	468
36.959	455
37.009	442
37.059	428
37.111	415
37.161	403
37.211	393
37.261	385
37.311	381
37.362	378
37.412	379
37.462	383
37.512	389
37.562	398
37.612	409
37.663	421
37.713	434
37.763	447
37.813	461
37.863	472
37.914	482
37.964	490
38.014	495
38.064	498
38.114	497
38.164	494
38.215	488
38.265	479
38.315	469
38.366	457
38.416	444
38.466	431
38.517	418
38.567	406
38.617	397
38.667	388
38.717	383
38.768	381
38.818	381
38.868	384
38.918	390
38.968	398
39.018	408
39.069	420
39.119	432
39.169	445
39.219	457
39.269	469
39.319	479
39.370	487
39.420	493
39.470	496
39.520	495
39.570	493
39.622	487
39.672	480
39.722	469
39.772	458
39.822	446
39.872	433
39.923	421
39.973	410
40.023	400
40.073	391
40.123	386
40.173	383
40.224	382
40.274	385
40.324	390
40.374	398
40.424	407
40.475	418
40.525	430
40.575	442
40.625	455
40.675	466
40.725	477
40.776	484
40.826	491
40.877	494
40.927	494
40.977	492
41.027	487
41.078	480
41.128	471
41.178	460
41.228	449
41.278	436
41.329	424
41.379	412
41.429	403
41.479	394
41.529	388
41.579	384
41.630	384
41.680	385
41.730	390
41.780	396
41.830	406
41.880	416
41.931	428
41.981	440
42.031	452
42.082	463
42.132	473
42.183	482
42.233	488
42.283	492
42.333	493
42.383	491
42.433	487
42.484	481
42.534	472
42.584	462
42.634	450
42.684	439
42.734	427
42.785	416
42.835	405
42.885	397
42.935	390
42.985	387
43.036	385
43.086	386
43.136	390
43.186	396
43.236	404
43.286	414
43.338	425
43.388	437
43.438	449
43.488	460
43.538	470
43.589	479
43.639	485
43.689	490
43.739	491
43.789	490
43.839	487
43.890	481
43.940	473
43.990	464
44.040	453
44.090	441
44.140	430
44.191	419
44.241	409
44.291	400
44.341	394
44.391	388
44.442	387
44.492	387
44.542	391
44.593	396
44.643	404
44.693	413
44.744	423
44.794	434
44.844	446
44.894	457
44.944	468
44.994	476
45.045	483
45.095	487
45.145	490
45.195	489
45.245	486
45.296	481
45.346	474
45.396	465
45.446	455
45.496	444
45.546	433
45.597	422
45.647	412
45.697	403
45.747	396
45.797	391
45.848	389
45.899	389
45.949	391
45.999	396
46.049	403
46.099	412
46.150	421
46.200	432
46.250	443
46.300	454
46.350	464
46.400	473
46.451	480
46.501	485
46.551	487
46.601	488
46.651	485
46.701	481
46.752	474
46.802	467
46.852	457
46.902	447
46.952	435
47.003	425
47.053	415
47.104	406
47.154	399
47.204	394
47.254	391
47.305	390
47.355	392
47.405	396
47.455	402
47.505	410
47.555	420
47.606	430
47.656	440
47.706	451
47.756	461
47.806	470
47.857	477
47.907	482
47.957	486
48.007	486
48.057	485
48.107	481
48.158	475
48.208	467
48.258	459
48.309	448
48.359	438
48.410	427
48.460	418
48.510	409
48.560	402
48.610	396
48.660	393
48.711	392
48.761	393
48.811	397
48.861	402
48.911	409
48.961	418
49.012	428
49.062	438
49.112	448
49.162	458
49.212	467
49.262	474
49.313	480
49.363	483
49.413	484
49.463	484
49.513	481
49.565	475
49.615	469
49.665	460
49.715	450
49.765	440
49.815	430
49.866	420
49.916	412
49.966	404
50.016	399
50.066	395
50.117	394
50.167	394
50.217	397
50.267	402
50.317	409
50.367	417
50.418	426
50.468	436
50.518	446
50.568	455
50.618	464
50.668	471
50.719	477
50.769	481
50.820	483
50.870	482
50.920	480
50.971	475
51.021	469
51.071	461
51.121	452
51.171	442
51.221	432
51.272	423
51.322	414
51.372	407
51.422	401
51.472	397
51.522	395
51.573	396
51.623	398
51.673	402
51.723	408
51.773	416
51.824	424
51.874	434
51.924	443
51.974	453
52.024	461
52.075	469
52.126	475
52.176	479
52.226	481
52.276	481
52.326	479
52.376	475
52.427	469
52.477	462
52.527	453
52.577	444
52.627	434
52.678	425
52.728	417
52.778	409
52.828	403
52.878	399
52.928	397
52.979	397
53.029	399
53.079	402
53.129	408
53.179	415
53.229	424
53.280	432
53.331	442
53.381	450
53.431	459
53.481	466
53.532	473
53.582	477
53.632	480
53.682	480
53.732	479
53.782	474
53.833	469
53.883	462
53.933	455
53.983	446
54.033	437
54.083	427
54.134	419
54.184	412
54.234	406
54.284	401
54.334	399
54.385	398
54.435	400
54.485	403
54.536	408
54.586	414
54.636	422
54.687	431
54.737	440
54.787	449
54.837	457
54.887	465
54.938	470
54.988	475
55.038	478
55.088	479
55.138	477
55.188	474
55.239	469
55.289	463
55.339	455
55.389	447
55.439	438
55.489	430
55.540	421
55.590	414
55.640	408
55.690	403
55.740	400
55.792	399
55.842	400
55.892	404
55.942	408
55.992	414
56.042	421
56.093	429
56.143	438
56.193	447
56.243	455
56.293	462
56.343	468
56.394	473
56.444	476
56.494	477
56.544	477
56.594	474
56.645	470
56.695	464
56.745	457
56.795	448
56.845	440
56.895	431
56.946	424
56.996	416
57.047	410
57.097	405
57.147	402
57.197	401
57.248	401
57.298	403
57.348	408
57.398	413
57.448	420
57.499	428
57.549	436
57.599	445
57.649	453
57.699	460
57.749	466
57.800	471
57.850	475
57.900	476
57.950	476
58.000	473
58.050	470
58.101	464
58.151	457
58.201	450
58.251	442
58.302	433
58.353	425
58.403	418
58.453	412
58.503	407
58.553	404
58.603	402
58.654	402
58.704	404
58.754	408
58.804	413
58.854	419
58.904	427
58.955	434
59.005	443
59.055	450
59.105	458
59.155	464
59.206	469
59.256	473
59.306	475
59.356	475
59.406	473
59.456	470
59.507	464
59.558	459
59.608	451
59.658	443
59.708	435
59.758	427
59.809	420
59.859	414
59.909	409
59.959	406
60.009	403
60.060	403
60.110	404
60.160	408
60.210	412
60.260	419
60.310	425
60.361	433
60.411	441
60.461	449
60.511	456
60.561	462
60.611	467
60.662	471
60.712	473
60.762	474
60.813	472
60.863	470
60.914	465
60.964	459
61.014	452
61.064	445
61.114	437
61.164	430
61.215	422
61.265	416
61.315	411
61.365	407
61.415	405
61.466	404
61.516	405
61.566	408
61.616	412
61.666	418
61.716	424
61.767	431
61.817	439
61.867	446
61.917	454
61.967	460
62.017	465
62.069	469
62.119	472
62.169	472
62.219	472
62.269	469
62.320	465
62.370	460
62.420	454
62.470	446
62.520	439
62.570	431
62.621	425
62.671	418
62.721	413
62.771	409
62.821	406
62.871	405
62.922	406
62.972	408
63.022	412
63.072	417
63.122	423
63.173	430
63.223	438
63.273	445
63.324	452
63.374	458
63.424	463
63.475	467
63.525	470
63.575	471
63.625	471
63.675	469
63.725	465
63.776	460
63.826	454
63.876	448
63.926	440
63.976	434
64.027	426
64.077	421
64.127	415
64.177	411
64.227	408
64.277	407
64.328	407
64.378	409
64.428	412
64.478	417
64.529	423
64.579	429
64.630	436
64.680	443
64.730	450
64.780	456
64.830	462
64.881	465
64.931	468
64.981	470
65.031	470
65.081	468
65.131	465
65.182	460
65.232	455
65.282	449
65.332	442
65.382	435
65.432	429
65.483	422
65.533	417
65.583	412
65.633	410
65.683	408
65.734	408
65.785	409
65.835	413
65.885	416
65.935	422
65.985	428
66.036	435
66.086	441
66.136	448
66.186	454
66.236	460
66.286	464
66.337	467
66.387	469
66.437	469
66.487	467
66.537	465
66.588	461
66.638	456
66.688	450
66.738	444
66.788	437
66.838	430
66.889	424
66.939	418
66.989	415
67.040	411
67.090	410
67.141	409
67.191	410
67.241	413
67.291	417
67.341	421
67.391	427
67.442	433
67.492	440
67.542	446
67.592	453
67.642	458
67.692	463
67.743	465
67.793	468
67.843	468
67.893	467
67.943	464
67.994	461
68.044	456
68.094	451
68.144	444
68.194	438
68.244	432
68.296	426
68.346	420
68.396	416
68.446	413
68.496	411
68.546	410
68.597	411
68.647	413
68.697	416
68.747	421
68.797	426
68.848	433
68.898	438
68.948	445
68.998	451
69.048	456
69.098	460
69.149	464
69.199	466
69.249	467
69.299	466
69.349	464
69.399	461
69.450	457
69.500	451
69.551	446
69.601	439
69.651	433
69.702	427
69.752	422
69.802	417
69.852	414
69.902	412
69.952	411
70.003	412
70.053	414
70.103	416
70.153	421
70.203	426
70.253	432
70.304	437
70.354	444
70.404	449
70.454	454
70.504	459
70.555	462
70.605	465
70.655	466
70.705	466
70.755	464
70.806	461
70.857	457
70.907	452
70.957	446
71.007	441
71.057	434
71.107	429
71.158	423
71.208	419
71.258	415
71.308	414
71.358	412
71.409	413
71.459	414
71.509	417
71.559	420
71.609	425
71.659	431
71.710	436
71.760	442
71.810	448
71.860	453
71.910	458
71.960	461
72.011	464
72.062	465
72.112	464
72.162	463
72.212	461
72.263	457
72.313	452
72.363	448
72.413	441
72.463	436
72.513	430
72.564	425
72.614	421
72.664	417
72.714	415
72.764	414
72.814	413
72.865	415
72.915	417
72.965	421
73.015	425
73.065	430
73.116	435
73.166	441
73.216	446
73.267	452
73.317	456
73.367	460
73.418	462
73.468	464
73.518	464
73.568	463
73.618	460
73.669	457
73.719	453
73.769	448
73.819	442
73.869	437
73.919	432
73.970	427
74.020	422
74.070	418
74.120	416
74.170	414
74.220	414
74.271	415
74.321	417
74.371	420
74.421	425
74.471	429
74.523	434
74.573	440
74.623	445
74.673	450
74.723	455
74.773	458
74.824	461
74.874	462
74.924	463
74.974	462
75.024	460
75.074	457
75.125	453
75.175	449
75.225	444
75.275	438
75.325	433
75.376	428
75.426	424
75.476	420
75.526	417
75.576	416
75.626	415
75.677	416
75.727	417
75.778	421
75.828	424
75.878	429
75.928	433
75.979	439
76.029	444
76.079	449
76.129	453
76.179	457
76.230	459
76.280	462
76.330	462
76.380	462
76.430	460
76.480	457
76.531	453
76.581	449
76.631	444
76.681	440
76.731	434
76.781	429
76.832	425
76.882	422
76.932	419
76.982	417
77.033	416
77.084	417
77.134	418
77.184	421
77.234	424
77.284	428
77.334	433
77.385	437
77.435	443
77.485	447
77.535	452
77.585	455
77.635	458
77.686	460
77.736	461
77.786	460
77.836	459
77.886	457
77.937	454
77.987	449
78.037	445
78.087	440
78.137	436
78.187	431
78.238	427
78.289	423
78.339	420
78.389	418
78.439	417
78.490	417
78.540	419
78.590	421
78.640	424
78.690	428
78.740	432
78.791	437
78.841	442
78.891	446
78.941	450
78.991	454
79.041	457
79.092	459
79.142	460
79.192	460
79.242	458
79.292	457
79.342	454
79.393	450
79.443	446
79.493	441
79.544	437
79.594	432
79.645	428
79.695	424
79.745	421
79.795	419
79.845	418
79.895	418
79.946	419
79.996	421
80.046	424
80.096	428
80.146	431
80.197	436
80.247	440
80.297	445
80.347	449
80.397	453
80.447	456
80.498	458
80.548	459
80.598	459
80.648	458
80.698	456
80.748	454
80.800	450
80.850	446
80.900	442
80.950	438
81.000	433
81.051	429
81.101	425
81.151	423
81.201	420
81.251	419
81.301	419
81.352	420
81.402	421
81.452	424
81.502	427
81.552	431
81.602	435
81.653	440
81.703	443
81.753	448
81.803	452
81.853	455
81.904	457
81.954	458
82.004	458
82.055	458
82.105	456
82.155	454
82.206	450
82.256	447
82.306	443
82.356	438
82.406	434
82.456	430
82.507	427
82.557	424
82.607	422
82.657	420
82.707	420
82.758	420
82.808	422
82.858	424
82.908	427
82.958	430
83.008	434
83.059	439
83.109	443
83.159	447
83.209	450
83.260	453
83.310	456
83.361	457
83.411	458
83.461	457
83.511	456
83.561	453
83.612	451
83.662	447
83.712	444
83.762	439
83.812	435
83.862	431
83.913	428
83.963	425
84.013	423
84.063	421
84.113	421
84.163	421
84.214	422
84.264	424
84.314	427
84.364	430
84.414	434
84.465	438
84.516	442
84.566	446
84.616	449
84.666	452
84.716	454
84.767	456
84.817	456
84.867	456
84.917	455
84.967	453
85.018	450
85.068	448
85.118	444
85.168	440
85.218	436
85.268	433
85.319	429
85.369	427
85.419	424
85.469	423
85.519	422
85.569	422
85.620	423
85.670	425
85.720	427
85.771	430
85.821	434
85.872	437
85.922	441
85.972	445
86.022	448
86.072	451
86.122	453
86.173	455
86.223	456
86.273	455
86.323	455
86.373	453
86.423	451
86.474	447
86.524	444
86.574	441
86.624	437
86.674	433
86.725	430
86.775	427
86.825	425
86.875	423
86.925	423
86.975	422
87.027	423
87.077	425
87.127	428
87.177	430
87.227	433
87.277	437
87.328	440
87.378	444
87.428	447
87.478	450
87.528	452
87.579	454
87.629	455
87.679	455
87.729	454
87.779	452
87.829	451
87.880	448
87.930	444
87.980	441
88.030	438
88.080	434
88.130	431
88.181	428
88.231	426
88.282	424
88.332	423
88.382	423
88.433	424
88.483	425
88.533	427
88.583	430
88.633	433
88.683	437
88.734	439
88.784	443
88.834	446
88.884	449
88.934	451
88.984	453
89.035	454
89.085	454
89.135	453
89.185	452
89.235	450
89.286	448
89.336	445
89.386	442
89.436	438
89.486	435
89.537	432
89.588	429
89.638	427
89.688	425
89.738	425
89.788	424
89.838	425
89.889	426
89.939	428
89.989	430
90.039	433
90.089	436
90.140	439
90.190	442
90.240	445
90.290	448
90.340	450
90.390	452
90.441	453
90.491	453
90.541	453
90.591	452
90.641	450
90.691	448
90.742	445
90.793	442
90.843	439
90.893	436
90.943	433
90.994	430
91.044	428
91.094	426
91.144	425
91.194	425
91.244	425
91.295	426
91.345	428
91.395	430
91.445	433
91.495	436
91.546	438
91.596	442
91.646	444
91.696	447
91.746	449
91.796	451
91.847	452
91.897	452
91.947	452
91.998	451
92.048	449
92.098	448
92.149	445
92.199	443
92.249	439
92.299	437
92.349	434
92.400	431
92.450	429
92.500	427
92.550	426
92.600	426
92.650	426
92.701	427
92.751	428
92.801	430
92.851	432
92.901	435
92.951	438
93.002	441
93.052	444
93.102	446
93.152	449
93.202	450
93.254	451
93.304	452
93.354	451
93.404	451
93.454	450
93.504	447
93.555	446
93.605	443
93.655	440
93.705	437
93.755	435
93.805	432
93.856	430
93.906	428
93.956	428
94.006	426
94.056	427
94.107	427
94.157	429
94.207	430
94.257	433
94.307	435
94.357	438
94.408	440
94.458	443
94.509	445
94.559	448
94.609	449
94.659	451
94.710	451
94.760	451
94.810	450
94.860	449
94.910	447
94.961	445
95.011	443
95.061	440
95.111	438
95.161	435
95.211	433
95.262	431
95.312	429
95.362	428
95.412	428
95.462	427
95.512	428
95.563	429
95.613	431
95.663	432
95.713	435
95.764	437
95.815	440
95.865	442
95.915	445
95.965	446
96.015	449
96.065	449
96.116	450
96.166	450
96.216	450
96.266	448
96.316	447
96.366	445
96.417	443
96.467	441
96.517	438
96.567	436
96.617	434
96.668	432
96.718	430
96.768	429
96.818	428
96.868	428
96.918	428
96.969	430
97.020	431
97.070	433
97.120	435
97.170	437
97.221	439
97.271	442
97.321	443
97.371	446
97.421	447
97.471	449
97.522	449
97.572	450
97.622	449
97.672	448
97.722	447
97.772	445
97.823	443
97.873	441
97.923	439
97.973	437
98.023	434
98.074	432
98.124	431
98.174	430
98.224	429
98.275	429
98.325	429
98.376	430
98.426	431
98.476	433
98.526	435
98.576	437
98.626	439
98.677	441
98.727	443
98.777	445
98.827	447
98.877	447
98.928	448
98.978	449
99.028	449
99.078	447
99.128	447
99.178	445
99.229	443
99.279	441
99.329	439
99.379	437
99.429	435
99.479	433
99.531	432
99.581	431
99.631	430
99.681	430
99.731	430
99.782	431
99.832	432
99.882	433
99.932	435
99.982	437
100.032	439
100.083	441
100.133	443
100.183	444
100.233	446
100.283	447
100.333	448
100.384	448
100.434	448
100.484	448
100.534	446
100.584	445
100.635	443
100.685	441
100.735	439
100.786	438
100.836	435
100.886	434
100.937	432
100.987	432
101.037	431
101.087	431
101.137	431
101.187	431
101.238	432
101.288	434
101.338	435
101.388	437
101.438	439
101.489	441
101.539	442
101.589	444
101.639	445
101.689	446
101.739	447
101.790	447
101.840	447
101.890	446
101.940	446
101.990	445
102.042	443
102.092	441
102.142	439
102.192	438
102.242	436
102.292	434
102.343	433
102.393	432
102.443	432
102.493	431
102.543	432
102.593	432
102.644	433
102.694	434
102.744	436
102.794	437
102.844	439
102.894	440
102.945	442
102.995	443
103.045	445
103.095	446
103.145	447
103.196	447
103.246	446
103.297	446
103.347	445
103.397	444
103.447	443
103.498	441
103.548	440
103.598	438
103.648	437
103.698	435
103.749	434
103.799	433
103.849	432
103.899	432
103.949	432
103.999	432
104.050	433
104.100	435
104.150	435
104.200	437
104.250	438
104.300	440
104.351	441
104.401	443
104.451	444
104.502	445
104.552	445
104.603	446
104.653	446
104.703	446
104.753	445
104.803	444
104.853	442
104.904	441
104.954	440
105.004	438
105.054	437
105.104	436
105.154	434
105.205	434
105.255	433
105.305	433
105.355	433
105.405	433
105.456	434
105.506	435
105.556	436
105.606	437
105.656	438
105.706	440
105.758	441
105.808	442
105.858	444
105.908	444
105.958	445
106.008	445
106.059	445
106.109	445
106.159	444
106.209	443
106.259	442
106.310	441
106.360	440
106.410	438
106.460	437
106.510	436
106.560	435
106.611	434
106.661	434
106.711	434
106.761	434
106.811	434
106.861	434
106.912	435
106.962	437
107.013	437
107.063	439
107.113	440
107.164	441
107.214	442
107.264	443
107.314	444
107.364	444
107.414	445
107.465	445
107.515	445
107.565	444
107.615	443
107.665	442
107.715	441
107.766	439
107.816	439
107.866	437
107.916	437
107.966	435
108.017	435
108.067	434
108.117	434
108.167	434
108.217	435
108.268	435
108.319	436
108.369	436
108.419	438
108.469	439
108.519	440
108.570	441
108.620	442
108.670	443
108.720	443
108.770	444
108.820	444
108.871	444
108.921	444
108.971	443
109.021	443
109.071	442
109.121	441
109.172	440
109.222	439
109.272	438
109.322	437
109.372	436
109.422	435
109.473	435
109.524	435
109.574	435
109.624	435
109.674	436
109.725	436
109.775	437
109.825	438
109.875	439
109.925	440
109.975	441
110.026	441
110.076	442
110.126	443
110.176	443
110.226	444
110.277	444
110.327	443
110.377	443
110.427	442
110.477	442
110.527	441
110.578	440
110.628	439
110.678	438
110.729	437
110.779	437
110.829	436
110.880	436
110.930	435
110.980	435
111.030	435
111.080	436
111.131	437
111.181	437
111.231	438
111.281	439
111.331	440
111.381	440
111.432	442
111.482	442
111.532	443
111.582	443
111.632	443
111.682	443
111.733	443
111.783	442
111.833	442
111.883	441
111.933	441
111.985	439
112.035	439
112.085	438
112.135	437
112.185	437
112.235	436
112.286	436
112.336	436
112.386	436
112.436	436
112.486	436
112.536	437
112.587	438
112.637	438
112.687	439
112.737	440
112.787	441
112.838	441
112.888	442
112.938	442
112.988	442
113.038	442
113.088	443
113.139	442
113.189	442
113.240	441
113.290	441
113.340	440
113.390	440
113.441	439
113.491	438
113.541	437
113.591	437
113.641	437
113.692	437
113.742	436
113.792	437
113.842	436
113.892	437
113.942	437
113.993	438
114.043	439
114.093	439
114.143	440
114.193	441
114.243	441
114.294	442
114.344	442
114.394	442
114.444	442
114.495	442
114.546	442
114.596	441
114.646	441
114.696	440
114.746	440
114.796	439
114.847	439
114.897	438
114.947	438
114.997	437
115.047	437
115.098	437
115.148	437
115.198	437
115.248	437
115.298	437
115.348	438
115.399	438
115.449	439
115.499	439
115.549	440
115.599	440
115.649	441
115.700	441
115.751	441
115.801	441
115.851	442
115.901	441
115.952	441
116.002	441
116.052	441
116.102	440
116.152	440
116.202	439
116.253	438
116.303	438
116.353	438
116.403	438
116.453	438
116.503	437
116.554	438
116.604	438
116.654	438
116.704	438
116.754	438
116.805	439
116.855	439
116.905	440
116.955	440
117.006	441
117.056	440
117.107	441
117.157	441
117.207	441
117.257	441
117.307	441
117.357	440
117.408	441
117.458	440
117.508	440
117.558	439
117.608	439
117.659	439
117.709	439
117.759	438
117.809	438
117.859	438
117.909	438
117.960	438
118.010	438
118.060	438
118.110	439
118.160	439
118.210	439
118.262	439
118.312	440
118.362	440
118.412	440
118.462	441
118.513	440
118.563	441
118.613	441
118.663	441
118.713	441
118.763	441
118.814	440
118.864	440
118.914	440
118.964	439
119.014	439
119.064	439
119.115	438
119.165	438
119.215	438
119.265	438
119.315	438
119.366	439
119.416	438
119.466	439
119.517	439
119.567	439
119.617	439
119.668	440
119.718	440
119.768	440
119.818	440
119.868	440
119.918	440
119.969	440
120.019	440
120.069	440
120.119	440
120.169	440
120.220	440
120.270	439
120.320	439
120.370	439
120.420	439
120.470	438
120.521	439
120.571	438
120.621	439
120.671	438
120.721	439
120.773	439
120.823	439
120.873	439
120.923	439
120.973	439
121.023	440
121.074	439
121.124	440
121.174	440
121.224	440
121.274	440
121.324	440
121.375	440
121.425	440
121.475	440
121.525	440
121.575	440
121.626	439
121.676	439
121.726	439
121.776	439
121.826	439
121.876	439
121.927	439
121.977	439
122.028	439
122.078	439
122.128	439
122.178	439
122.229	439
122.279	439
122.329	439
122.379	440
122.429	440
122.480	440
122.530	440
122.580	440
122.630	439
122.680	440
122.730	440
122.781	440
122.831	439
122.881	440
122.931	439
122.981	440
123.031	439
123.082	439
123.132	439
123.182	439
123.233	439
123.283	439
123.334	439
123.384	439
123.434	439
123.484	439
123.534	439
123.584	439
123.635	439
123.685	440
123.735	440
123.785	440
123.835	440
123.885	440
123.936	440
123.986	440
124.036	440
124.086	440
124.136	440
124.187	439
124.237	440
124.287	439
124.337	439
124.387	439
124.437	439
124.489	439
124.539	439
124.589	439
124.639	439
124.689	439
124.739	439
124.790	439
124.840	440
124.890	439
124.940	440
124.990	439
125.041	440
125.091	440
125.141	440
125.191	440
125.241	440
125.291	440
125.342	440
125.392	440
125.442	440
125.492	440
125.542	440
125.592	439
125.643	439
125.693	439
125.744	439
125.794	439
125.844	439
125.895	439
125.945	439
125.995	439
126.045	439
126.095	439
126.145	439
126.196	440
126.246	439
126.296	440
126.346	439
126.396	440
126.446	439
126.497	440
126.547	440
126.597	440
126.647	440
126.697	440
126.748	440
126.798	440
126.848	439
126.898	440
126.948	439
126.999	439
127.050	439
127.100	439
127.150	439
127.200	439
127.250	439
127.301	439
127.351	439
127.401	439
127.451	440
127.501	439
127.551	440
127.602	439
127.652	440
127.702	439
127.752	440
127.802	440
127.852	440
127.903	440
127.953	440
128.003	439
128.053	439
128.103	439
128.154	439
128.204	439
128.255	440
128.305	439
128.355	439
128.405	439
128.456	439
128.506	439
128.556	439
128.606	439
128.656	439
128.706	439
128.757	440
128.807	440
128.857	440
128.907	440
128.957	440
129.008	440
129.058	440
129.108	440
129.158	440
129.208	440
129.258	439
129.309	439
129.359	440
129.409	440
129.460	439
129.510	440
129.560	439
129.611	439
129.661	439
129.711	440
129.761	439
129.811	440
129.862	439
129.912	440
129.962	439
130.012	440
130.062	439
130.112	440
130.163	439
130.213	440
130.263	439
130.313	440
130.363	440
130.413	440
130.464	439
130.514	440
130.564	440
130.614	439
130.664	440
130.716	439
130.766	439
130.816	439
130.866	439
130.916	439
130.966	440
131.017	439
131.067	439
131.117	439
131.167	440
131.217	439
131.267	440
131.318	439
131.368	440
131.418	439
131.468	440
131.518	439
131.569	440
131.619	439
131.669	440
131.719	439
131.769	440
131.819	439
131.870	440
131.920	439
131.971	440
132.021	439
132.071	440
132.122	439
132.172	440
132.222	439
132.272	440
132.322	439
132.372	439
132.423	440
132.473	440
132.523	440
132.573	440
132.623	440
132.673	440
132.724	440
132.774	439
132.824	440
132.874	439
132.924	440
132.974	439
133.025	440
133.075	440
133.125	440
133.175	440
133.226	440
133.277	439
133.327	440
133.377	439
133.427	440
133.477	439
133.527	440
133.578	439
133.628	440
133.678	439
133.728	440
133.778	439
133.829	440
133.879	439
133.929	440
133.979	440
134.029	440
134.079	440
134.130	440
134.180	440
134.230	440
134.280	440
134.330	440
134.380	440
134.431	439
134.482	440
134.532	439
134.582	440
134.632	439
134.683	440
134.733	439
134.783	440
134.833	439
134.883	440
134.933	440
134.984	440
135.034	439
135.084	440
135.134	439
135.184	440
135.234	440
135.285	440
135.335	439
135.385	440
135.435	439
135.485	440
135.536	439
135.586	440
135.636	440
135.686	440
135.737	439
135.787	440
135.838	440
135.888	440
135.938	440
135.988	440
136.038	440
136.088	440
136.139	440
136.189	440
136.239	440
136.289	440
136.339	440
136.390	439
136.440	440
136.490	439
136.540	440
136.590	440
136.640	440
136.691	440
136.741	440
136.791	439
136.841	440
136.891	439
136.941	440
136.993	439
137.043	440
137.093	439
137.143	440
137.193	440
137.244	440
137.294	439
137.344	440
137.394	440
137.444	440
137.494	439
137.545	440
137.595	440
137.645	440
137.695	440
137.745	440
137.795	440
137.846	439
137.896	439
137.946	440
137.996	440
138.046	439
138.097	440
138.147	439
138.197	440
138.248	439
138.298	440
138.348	439
138.399	440
138.449	440
138.499	440
138.549	440
138.599	440
138.650	440
138.700	440
138.750	439
138.800	440
138.850	439
138.900	440
138.951	439
139.001	440
139.051	440
139.101	439
139.151	439
139.201	440
139.252	439
139.302	440
139.352	439
139.402	440
139.452	440
139.504	440
139.554	440
139.604	440
139.654	440
139.704	439
139.754	440
139.805	439
139.855	440
139.905	439
139.955	440
140.005	439
140.055	440
140.106	440
140.156	440
140.206	441
140.256	441
140.306	437
140.357	439
140.407	440
140.457	440
140.507	437
140.557	440
140.607	439
140.658	440
140.708	439
140.759	440
140.809	439
140.859	440
140.909	440
140.960	440
141.010	439
141.060	440
